1;0;29;3
321;5;9;10;11;12
4545;5;9;10;11;12
2;0;29;3
5;0;29;3
5557777;5;9;10;11;12
6;13;9;10;11;14;18;32
8;0;29;3
11;13;9;10;11;14;18;32
12;13;9;10;11;14;18;32
1234566;5;9;10;11
10007;5;9;10;11;12
23;13;9;10;11;14;18;32
87;13;9;10;11;14;18;32
10009;5;9;10;11;12
10010;5;9;10;11;12
10011;9;10;5;11;12
10018;5;9;10;11;12
34;13;9;10;11;14;18;32
10020;5;9;10;11;12
2020;13;9;10;11;14;18;32
10021;13;9;10;11;14;18;32
4646;13;9;10;11;14;18;32
40;5;9;10;11;12
1193;5;9;10;11;12
10027;5;9;10;11;12
10030;13;9;10;11;14;18;32
10031;13;9;10;11;14;18;32
1919;9;10;5;11;12
